007 102 Cash-In 5000 5000
007 103 Cash-In 300 5300
007 104 Cash-Out 1200 4100
007 105 Send_Money 300 3800
000 105 Receive_Money 300 400
007 106 Cash-In 300 300
007 107 Cash-In 5000 5300
007 108 Bill_Pay 1000 4300
007 109 Cash-Out 500 3800
007 110 Send_Money 300 3500
111 110 Receive_Money 300 1000
009 111 Cash-In 4500 4500
009 112 Cash-Out 200 4300
01712345678 113 Send_Money 500 3800
111 113 Receive_Money 500 1200
01712345678 114 Cash-In 1000 4800
01712345678 115 Cash-Out 200 4600
01712345678 116 Bill_Pay 1000 3600